1. Transformation Matrix: L_T_C which transforms C_p to L_p, i.e. L_p = L_T_C * C_p
1.000000, -0.000930, -0.000358, -0.530137
0.000930, 1.000000, 0.000418, 0.589015
0.000358, -0.000418, 1.000000, -0.737218
0.000000, 0.000000, 0.000000, 1.000000

2. Camera Center Points: C_p (Sensor 1)
C_p_0 = (2.578261, -0.009110, 0.800086)
C_p_1 = (2.583023, -0.509087, 0.800130)
C_p_2 = (2.582962, -0.509123, 0.400130)
C_p_3 = (2.578200, -0.009146, 0.400086)

3. LiDAR Center Points: L_p (Sensor 2)
L_p_0 = (2.047854, 0.581772, 0.063428)
L_p_1 = (2.053070, 0.082904, 0.064085)
L_p_2 = (2.053141, 0.083641, -0.335487)
L_p_3 = (2.047933, 0.581882, -0.336341)

4. Error = ||L_p - L_T_C * C_p||
Error_0 = 0.000940
Error_1 = 0.000242
Error_2 = 0.001267
Error_3 = 0.000569

