Warmup phase completed. Starting calibration phase.
[ INFO] [1710949158.729605186]: sensor2 (velodyne) pattern ready!
[ INFO] [1710949158.730511674]: [V2C] sensor2
c0=[2.0479 0.581407 0.0626036]
c1=[2.05312 0.0832077 0.0639199]
c2=[2.05322 0.084264 -0.335473]
c3=[2.04799 0.583144 -0.337343]
[ INFO] [1710949158.745099596]: sensor1 (blackflys) pattern ready!
[ INFO] [1710949158.953635185]: [V2C] sensor1
l0=[2.57859 -0.00903807 0.800145]
l1=[2.5832 -0.509017 0.800184]
l2=[2.58313 -0.509049 0.400184]
l3=[2.57851 -0.00907017 0.400145]
